SITES DE REFERENCIA

https://github.com/danielweidman/pixmob-ir-reverse-engineering
https://github.com/UberGuidoZ/Flipper-IRDB/blob/main/LED_Lighting/PixMob/PixMob_all_colors.ir

ALGUNS CÓDIGOS DE CORES CONHECIDOS, GARIMPADOS DA INTERNET

RED            = {1400, 1400, 700, 700, 700, 1400, 700, 2800, 700, 2100, 1400, 700, 700, 700, 700, 1400, 1400, 2800, 1400, 2800, 700}
RED_2          = {1400, 1400, 700, 700, 700, 2100, 700, 2100, 700, 2100, 1400, 700, 700, 700, 700, 1400, 1400, 2800, 1400, 2800, 700}
RED_3          = {1400, 1400, 700, 700, 700, 2100, 700, 2100, 700, 2800, 700, 700, 700, 700, 700, 1400, 1400, 2800, 1400, 2800, 700}
RED_4          = {1400, 1400, 700, 700, 700, 1400, 700, 2800, 700, 2800, 700, 700, 700, 700, 700, 1400, 1400, 2800, 1400, 2800, 700}
RED_5          = {1400, 1400, 700, 700, 700, 2100, 700, 2100, 700, 2100, 1400, 700, 700, 700, 700, 1400, 1400, 2800, 1400, 2800, 700}
DIM_RED        = {700, 700, 700, 2100, 1400, 700, 700, 2800, 700, 1400, 700, 700, 700, 1400, 1400, 700, 700, 1400, 700, 700, 700, 700, 1400, 2800, 700}
DIM_RED_2      = {700, 700, 700, 2100, 1400, 1400, 700, 2100, 700, 1400, 700, 700, 700, 1400, 1400, 700, 700, 1400, 700, 700, 700, 700, 1400, 2800, 700}
GRN            = {1400, 1400, 700, 700, 700, 700, 1400, 2800, 700, 1400, 700, 1400, 700, 1400, 700, 1400, 1400, 2800, 1400, 2800, 700}
GRN_2          = {1400, 1400, 700, 700, 700, 700, 700, 700, 700, 2100, 700, 1400, 700, 1400, 700, 1400, 700, 1400, 1400, 2800, 1400, 2800, 700}
GRN_3          = {1400, 1400, 700, 700, 700, 700, 700, 700, 700, 2100, 700, 1400, 700, 1400, 700, 1400, 700, 1400, 1400, 2800, 1400, 2800, 700}
GRN_4          = {700, 700, 700, 700, 1400, 1400, 1400, 2800, 700, 1400, 700, 1400, 700, 1400, 700, 2100, 1400, 2100, 1400, 2800, 700}
GRN_5          = {700, 700, 700, 700, 1400, 1400, 1400, 2800, 700, 1400, 700, 1400, 700, 1400, 700, 1400, 700, 700, 700, 2100, 1400, 2800, 700}
GRN_6          = {700, 700, 700, 700, 1400, 1400, 1400, 2800, 700, 1400, 700, 1400, 700, 1400, 700, 700, 700, 1400, 700, 2100, 1400, 2800, 700}
GRN_7          = {700, 700, 700, 2100, 700, 700, 700, 700, 700, 1400, 1400, 700, 700, 1400, 700, 700, 1400, 1400, 700, 700, 700, 2800, 1400, 2800, 700}
GRN_8          = {1400, 1400, 700, 700, 700, 2100, 700, 2100, 700, 1400, 700, 700, 700, 700, 700, 700, 700, 2100, 700, 2800, 1400, 2800, 700}
GRN_9          = {1400, 1400, 700, 700, 700, 1400, 700, 700, 700, 700, 1400, 2800, 700, 2100, 700, 2100, 700, 2800, 1400, 2800, 700}
GRN_10         = {1400, 1400, 700, 700, 700, 1400, 700, 700, 700, 700, 1400, 1400, 700, 700, 700, 2100, 700, 2100, 700, 2800, 1400, 2800, 700}
GRN_11         = {1400, 2800, 700, 700, 1400, 700, 700, 700, 1400, 1400, 700, 1400, 700, 1400, 700, 1400, 700, 700, 700, 2100, 1400, 2800, 700}
GRN_12         = {700, 700, 700, 700, 1400, 1400, 1400, 2800, 700, 1400, 700, 700, 1400, 1400, 700, 1400, 1400, 2800, 1400, 2800, 700}
GRN_13         = {700, 700, 700, 700, 1400, 1400, 1400, 2800, 700, 1400, 700, 1400, 700, 1400, 700, 1400, 700, 700, 700, 2100, 700, 700, 700, 2100, 700}
GRN_14         = {700, 700, 700, 700, 1400, 1400, 1400, 2800, 700, 1400, 700, 1400, 700, 1400, 700, 1400, 1400, 2800, 700, 1400, 700, 1400, 700}
GRN_15         = {1400, 2800, 700, 700, 1400, 700, 700, 700, 1400, 1400, 700, 1400, 700, 1400, 700, 1400, 700, 700, 700, 2100, 1400, 2800, 700}
GRN_DIM        = {700, 700, 700, 700, 1400, 1400, 1400, 2800, 700, 1400, 700, 2100, 700, 700, 700, 2100, 700, 2800, 1400, 2800, 700}
LIGHT_GRN      = {700, 700, 700, 700, 1400, 1400, 1400, 2800, 700, 1400, 700, 1400, 700, 1400, 700, 700, 700, 1400, 700, 2100, 700, 1400, 700, 1400, 700}
LIGHT_GRN_2    = {700, 700, 700, 700, 1400, 1400, 1400, 2800, 700, 1400, 700, 1400, 700, 1400, 700, 700, 700, 1400, 700, 2100, 700, 700, 700, 2100, 700}
YELGRN         = {700, 700, 700, 700, 1400, 1400, 1400, 2800, 700, 2100, 700, 700, 700, 1400, 700, 1400, 700, 700, 700, 2100, 1400, 2800, 700}
YELGRN_2       = {700, 700, 700, 700, 1400, 1400, 1400, 2800, 700, 1400, 700, 700, 1400, 1400, 700, 700, 700, 700, 700, 2800, 1400, 2800, 700}
YELGRN_3       = {1400, 1400, 700, 700, 700, 1400, 700, 2800, 700, 1400, 700, 700, 700, 700, 700, 700, 700, 1400, 1400, 2800, 1400, 2800, 700}
BLUE           = {700, 700, 700, 2100, 1400, 700, 700, 2800, 700, 1400, 700, 700, 700, 1400, 1400, 700, 700, 1400, 700, 700, 700, 700, 700, 700, 700, 2100, 700}
BLUE_2         = {700, 700, 700, 2100, 1400, 700, 700, 2800, 700, 1400, 700, 700, 700, 1400, 1400, 700, 700, 1400, 700, 700, 700, 700, 700, 700, 700, 2100, 700}
BLUE_3         = {700, 700, 700, 2100, 1400, 1400, 700, 2100, 700, 1400, 700, 700, 700, 1400, 1400, 700, 700, 1400, 700, 700, 700, 700, 700, 700, 700, 2100, 700}
LIGHT_BLUE     = {700, 700, 700, 2100, 1400, 700, 700, 2800, 700, 1400, 700, 700, 700, 1400, 700, 700, 700, 700, 700, 700, 700, 700, 1400, 1400, 700, 2100, 700}
LIGHT_BLUE_2   = {700, 700, 700, 700, 1400, 1400, 1400, 2800, 700, 1400, 700, 1400, 700, 1400, 700, 1400, 1400, 2800, 700, 700, 1400, 1400, 700}
LIGHT_BLUE_3   = {700, 700, 700, 700, 1400, 1400, 1400, 2800, 700, 1400, 700, 1400, 700, 1400, 700, 1400, 1400, 2800, 1400, 700, 700, 1400, 700}
DIM_BLUE       = {700, 700, 700, 2100, 1400, 700, 700, 2800, 700, 1400, 700, 700, 700, 1400, 1400, 700, 700, 1400, 700, 700, 700, 700, 700, 1400, 700, 1400, 700}
MAG            = {700, 700, 700, 700, 1400, 1400, 1400, 2800, 700, 2100, 1400, 2100, 700, 700, 700, 700, 1400, 2100, 700, 700, 700, 2100, 700}
MAG_2          = {700, 700, 700, 2100, 1400, 1400, 1400, 700, 1400, 1400, 700, 700, 700, 1400, 1400, 700, 700, 1400, 700, 2100, 700, 1400, 1400, 700, 700}
MAG_3          = {700, 700, 700, 2100, 1400, 1400, 1400, 700, 1400, 1400, 700, 700, 700, 1400, 1400, 700, 700, 1400, 700, 2100, 1400, 700, 1400, 700, 700}
MAG_4          = {700, 700, 700, 2100, 1400, 700, 700, 700, 700, 700, 1400, 1400, 700, 700, 700, 1400, 1400, 700, 700, 1400, 700, 2100, 1400, 700, 1400, 700, 700}
YEL            = {1400, 1400, 700, 700, 700, 700, 1400, 2800, 700, 2100, 700, 700, 700, 1400, 700, 1400, 1400, 2800, 1400, 2800, 700}
YEL_2          = {1400, 1400, 700, 700, 700, 700, 700, 700, 700, 2100, 700, 2100, 700, 700, 700, 1400, 700, 1400, 1400, 2800, 1400, 2800, 700}
YEL_3          = {700, 700, 700, 700, 1400, 1400, 1400, 2800, 700, 2100, 1400, 2100, 700, 2100, 1400, 2100, 1400, 2800, 700}
YEL_4          = {700, 700, 700, 2100, 1400, 1400, 700, 2100, 700, 1400, 700, 700, 700, 2800, 1400, 1400, 700, 2100, 1400, 2800, 700}
YEL_5          = {700, 700, 700, 2100, 1400, 1400, 700, 2100, 700, 1400, 700, 700, 700, 1400, 700, 700, 1400, 1400, 700, 700, 1400, 700, 700, 2800, 700}
YEL_6          = {700, 700, 700, 2100, 1400, 700, 700, 2800, 700, 1400, 700, 700, 700, 1400, 700, 700, 1400, 1400, 700, 700, 1400, 700, 700, 2800, 700}
YEL_7          = {1400, 1400, 700, 700, 700, 2100, 700, 2100, 700, 2100, 1400, 700, 700, 700, 700, 2100, 700, 2800, 1400, 2800, 700}
YEL_8          = {1400, 1400, 700, 700, 700, 2100, 700, 2100, 700, 1400, 700, 700, 700, 700, 700, 700, 700, 1400, 1400, 2800, 1400, 2800, 700}
YEL_9          = {1400, 1400, 700, 700, 700, 1400, 700, 2800, 700, 2100, 1400, 700, 700, 700, 700, 2100, 700, 2800, 1400, 2800, 700}
PINK           = {700, 700, 700, 2100, 1400, 700, 700, 2800, 700, 1400, 700, 700, 700, 2800, 1400, 1400, 700, 2100, 700, 700, 700, 2100, 700}
PINK_2         = {700, 700, 700, 2100, 1400, 700, 700, 2800, 700, 2100, 1400, 2800, 1400, 1400, 700, 2100, 700, 700, 700, 2100, 700}
PINK_3         = {700, 700, 700, 2100, 1400, 700, 700, 2800, 700, 1400, 700, 700, 700, 2800, 1400, 1400, 700, 2100, 700, 700, 700, 2100, 700}
PINK_4         = {700, 700, 700, 2100, 1400, 1400, 1400, 700, 1400, 1400, 700, 700, 700, 1400, 700, 700, 1400, 1400, 700, 1400, 700, 2100, 1400, 700, 700}
PINK_5         = {700, 700, 700, 2100, 1400, 1400, 1400, 700, 1400, 1400, 700, 700, 700, 1400, 700, 700, 1400, 1400, 700, 1400, 700, 700, 700, 700, 1400, 700, 700}
OR             = {700, 700, 700, 700, 1400, 1400, 1400, 2800, 700, 2100, 700, 700, 700, 1400, 700, 700, 700, 1400, 700, 2100, 1400, 2800, 700}
OR_2           = {700, 700, 700, 700, 1400, 1400, 1400, 2800, 700, 2800, 1400, 1400, 700, 1400, 1400, 2800, 1400, 2800, 700}
OR_3           = {700, 700, 700, 700, 1400, 1400, 1400, 2800, 700, 1400, 700, 700, 1400, 1400, 700, 1400, 1400, 2800, 1400, 2800, 700}
REDOR          = {700, 700, 700, 700, 1400, 1400, 1400, 2800, 700, 2800, 1400, 1400, 700, 700, 700, 1400, 700, 2100, 1400, 2800, 700}
REDOR_2        = {700, 700, 700, 700, 1400, 1400, 1400, 2800, 700, 2100, 1400, 2100, 700, 700, 700, 700, 1400, 2100, 1400, 2800, 700}
REDOR_3        = {1400, 1400, 700, 700, 700, 2100, 700, 2100, 700, 2100, 1400, 700, 700, 700, 700, 1400, 1400, 2800, 1400, 2800, 700}
YELOR_1        = {700, 700, 700, 700, 1400, 1400, 1400, 2800, 700, 1400, 700, 700, 700, 2100, 700, 700, 700, 700, 1400, 2100, 1400, 2800, 700}
YELOR_2        = {700, 700, 700, 2100, 1400, 700, 700, 2800, 700, 1400, 700, 700, 700, 2800, 1400, 1400, 700, 2100, 1400, 2800, 700}
WHITISH        = {700, 700, 700, 2100, 1400, 700, 700, 2800, 700, 1400, 700, 700, 700, 2800, 1400, 1400, 700, 2100, 700, 1400, 700, 1400, 700}
WHITISH_LONG   = {700, 700, 700, 2100, 1400, 1400, 1400, 700, 1400, 1400, 700, 700, 700, 2800, 1400, 1400, 700, 700, 1400, 2100, 1400, 700, 700}
WHITISH_2      = {700, 700, 700, 2100, 1400, 1400, 700, 2100, 700, 1400, 700, 700, 700, 2800, 1400, 1400, 700, 2100, 700, 700, 700, 2100, 700}
WHITISH_LONG_2 = {700, 700, 700, 2100, 1400, 1400, 1400, 700, 1400, 1400, 700, 700, 700, 2800, 1400, 1400, 700, 700, 1400, 700, 700, 700, 1400, 700, 700}
WHITISH_3      = {1400, 1400, 700, 700, 700, 700, 1400, 2800, 700, 2100, 700, 700, 700, 1400, 700, 1400, 1400, 2800, 700, 700, 700, 2100, 700}
WHITISH_4      = {700, 700, 700, 2100, 1400, 1400, 700, 2100, 700, 1400, 700, 700, 700, 1400, 700, 700, 1400, 1400, 700, 700, 1400, 1400, 700, 2100, 700}
WHITISH_5      = {700, 700, 700, 2100, 1400, 700, 700, 2800, 700, 1400, 700, 700, 700, 1400, 700, 700, 1400, 1400, 700, 700, 1400, 1400, 700, 2100, 700}
WHITISH_6      = {700, 700, 700, 2100, 1400, 700, 700, 700, 700, 700, 1400, 1400, 700, 700, 700, 2800, 1400, 1400, 700, 700, 1400, 700, 700, 700, 1400, 700, 700}
WHITISH_7      = {700, 700, 700, 2100, 1400, 700, 700, 700, 700, 700, 1400, 1400, 700, 700, 700, 1400, 700, 700, 1400, 1400, 700, 1400, 700, 700, 700, 700, 1400, 700, 700}
TURQ           = {700, 700, 700, 700, 1400, 1400, 1400, 2800, 700, 1400, 700, 700, 1400, 1400, 700, 1400, 1400, 2800, 700, 700, 700, 2100, 700}
TURQ_2         = {700, 700, 700, 2100, 1400, 1400, 1400, 700, 1400, 1400, 700, 700, 700, 2100, 700, 700, 700, 1400, 700, 700, 700, 700, 700, 1400, 1400, 700, 700}
TURQ_3         = {700, 700, 700, 2100, 1400, 700, 700, 700, 700, 700, 1400, 1400, 700, 700, 700, 2100, 700, 700, 700, 1400, 700, 700, 700, 700, 1400, 700, 1400, 700, 700}
TURQ_4         = {700, 700, 700, 2100, 1400, 1400, 1400, 700, 1400, 1400, 700, 700, 700, 2100, 700, 700, 700, 1400, 700, 700, 700, 700, 1400, 700, 1400, 700, 700}
